DSAA
    6   80
  0.1000000E+05  0.3500000E+05
  0.1000000E+05  0.4050000E+06
  0.1000000E+01  0.1000000E+01
  0.1000000E+01  0.1000000E+01  0.1000000E+01  0.1000000E+01  0.1000000E+01
  0.1000000E+01
  0.1000000E+01  0.1000000E+01  0.1000000E+01  0.1000000E+01  0.1000000E+01
  0.1000000E+01
  0.1000000E+01  0.1000000E+01  0.1000000E+01  0.1000000E+01  0.1000000E+01
  0.1000000E+01
  0.1000000E+01  0.1000000E+01  0.1000000E+01  0.1000000E+01  0.1000000E+01
  0.1000000E+01
  0.1000000E+01  0.1000000E+01  0.1000000E+01  0.1000000E+01  0.1000000E+01
  0.1000000E+01
  0.1000000E+01  0.1000000E+01  0.1000000E+01  0.1000000E+01  0.1000000E+01
  0.1000000E+01
  0.1000000E+01  0.1000000E+01  0.1000000E+01  0.1000000E+01  0.1000000E+01
  0.1000000E+01
  0.1000000E+01  0.1000000E+01  0.1000000E+01  0.1000000E+01  0.1000000E+01
  0.1000000E+01
  0.1000000E+01  0.1000000E+01  0.1000000E+01  0.1000000E+01  0.1000000E+01
  0.1000000E+01
  0.1000000E+01  0.1000000E+01  0.1000000E+01  0.1000000E+01  0.1000000E+01
  0.1000000E+01
  0.1000000E+01  0.1000000E+01  0.1000000E+01  0.1000000E+01  0.1000000E+01
  0.1000000E+01
  0.1000000E+01  0.1000000E+01  0.1000000E+01  0.1000000E+01  0.1000000E+01
  0.1000000E+01
  0.1000000E+01  0.1000000E+01  0.1000000E+01  0.1000000E+01  0.1000000E+01
  0.1000000E+01
  0.1000000E+01  0.1000000E+01  0.1000000E+01  0.1000000E+01  0.1000000E+01
  0.1000000E+01
  0.1000000E+01  0.1000000E+01  0.1000000E+01  0.1000000E+01  0.1000000E+01
  0.1000000E+01
  0.1000000E+01  0.1000000E+01  0.1000000E+01  0.1000000E+01  0.1000000E+01
  0.1000000E+01
  0.1000000E+01  0.1000000E+01  0.1000000E+01  0.1000000E+01  0.1000000E+01
  0.1000000E+01
  0.1000000E+01  0.1000000E+01  0.1000000E+01  0.1000000E+01  0.1000000E+01
  0.1000000E+01
  0.1000000E+01  0.1000000E+01  0.1000000E+01  0.1000000E+01  0.1000000E+01
  0.1000000E+01
  0.1000000E+01  0.1000000E+01  0.1000000E+01  0.1000000E+01  0.1000000E+01
  0.1000000E+01
  0.1000000E+01  0.1000000E+01  0.1000000E+01  0.1000000E+01  0.1000000E+01
  0.1000000E+01
  0.1000000E+01  0.1000000E+01  0.1000000E+01  0.1000000E+01  0.1000000E+01
  0.1000000E+01
  0.1000000E+01  0.1000000E+01  0.1000000E+01  0.1000000E+01  0.1000000E+01
  0.1000000E+01
  0.1000000E+01  0.1000000E+01  0.1000000E+01  0.1000000E+01  0.1000000E+01
  0.1000000E+01
  0.1000000E+01  0.1000000E+01  0.1000000E+01  0.1000000E+01  0.1000000E+01
  0.1000000E+01
  0.1000000E+01  0.1000000E+01  0.1000000E+01  0.1000000E+01  0.1000000E+01
  0.1000000E+01
  0.1000000E+01  0.1000000E+01  0.1000000E+01  0.1000000E+01  0.1000000E+01
  0.1000000E+01
  0.1000000E+01  0.1000000E+01  0.1000000E+01  0.1000000E+01  0.1000000E+01
  0.1000000E+01
  0.1000000E+01  0.1000000E+01  0.1000000E+01  0.1000000E+01  0.1000000E+01
  0.1000000E+01
  0.1000000E+01  0.1000000E+01  0.1000000E+01  0.1000000E+01  0.1000000E+01
  0.1000000E+01
  0.1000000E+01  0.1000000E+01  0.1000000E+01  0.1000000E+01  0.1000000E+01
  0.1000000E+01
  0.1000000E+01  0.1000000E+01  0.1000000E+01  0.1000000E+01  0.1000000E+01
  0.1000000E+01
  0.1000000E+01  0.1000000E+01  0.1000000E+01  0.1000000E+01  0.1000000E+01
  0.1000000E+01
  0.1000000E+01  0.1000000E+01  0.1000000E+01  0.1000000E+01  0.1000000E+01
  0.1000000E+01
  0.1000000E+01  0.1000000E+01  0.1000000E+01  0.1000000E+01  0.1000000E+01
  0.1000000E+01
  0.1000000E+01  0.1000000E+01  0.1000000E+01  0.1000000E+01  0.1000000E+01
  0.1000000E+01
  0.1000000E+01  0.1000000E+01  0.1000000E+01  0.1000000E+01  0.1000000E+01
  0.1000000E+01
  0.1000000E+01  0.1000000E+01  0.1000000E+01  0.1000000E+01  0.1000000E+01
  0.1000000E+01
  0.1000000E+01  0.1000000E+01  0.1000000E+01  0.1000000E+01  0.1000000E+01
  0.1000000E+01
  0.1000000E+01  0.1000000E+01  0.1000000E+01  0.1000000E+01  0.1000000E+01
  0.1000000E+01
  0.1000000E+01  0.1000000E+01  0.1000000E+01  0.1000000E+01  0.1000000E+01
  0.1000000E+01
  0.1000000E+01  0.1000000E+01  0.1000000E+01  0.1000000E+01  0.1000000E+01
  0.1000000E+01
  0.1000000E+01  0.1000000E+01  0.1000000E+01  0.1000000E+01  0.1000000E+01
  0.1000000E+01
  0.1000000E+01  0.1000000E+01  0.1000000E+01  0.1000000E+01  0.1000000E+01
  0.1000000E+01
  0.1000000E+01  0.1000000E+01  0.1000000E+01  0.1000000E+01  0.1000000E+01
  0.1000000E+01
  0.1000000E+01  0.1000000E+01  0.1000000E+01  0.1000000E+01  0.1000000E+01
  0.1000000E+01
  0.1000000E+01  0.1000000E+01  0.1000000E+01  0.1000000E+01  0.1000000E+01
  0.1000000E+01
  0.1000000E+01  0.1000000E+01  0.1000000E+01  0.1000000E+01  0.1000000E+01
  0.1000000E+01
  0.1000000E+01  0.1000000E+01  0.1000000E+01  0.1000000E+01  0.1000000E+01
  0.1000000E+01
  0.1000000E+01  0.1000000E+01  0.1000000E+01  0.1000000E+01  0.1000000E+01
  0.1000000E+01
  0.1000000E+01  0.1000000E+01  0.1000000E+01  0.1000000E+01  0.1000000E+01
  0.1000000E+01
  0.1000000E+01  0.1000000E+01  0.1000000E+01  0.1000000E+01  0.1000000E+01
  0.1000000E+01
  0.1000000E+01  0.1000000E+01  0.1000000E+01  0.1000000E+01  0.1000000E+01
  0.1000000E+01
  0.1000000E+01  0.1000000E+01  0.1000000E+01  0.1000000E+01  0.1000000E+01
  0.1000000E+01
  0.1000000E+01  0.1000000E+01  0.1000000E+01  0.1000000E+01  0.1000000E+01
  0.1000000E+01
  0.1000000E+01  0.1000000E+01  0.1000000E+01  0.1000000E+01  0.1000000E+01
  0.1000000E+01
  0.1000000E+01  0.1000000E+01  0.1000000E+01  0.1000000E+01  0.1000000E+01
  0.1000000E+01
  0.1000000E+01  0.1000000E+01  0.1000000E+01  0.1000000E+01  0.1000000E+01
  0.1000000E+01
  0.1000000E+01  0.1000000E+01  0.1000000E+01  0.1000000E+01  0.1000000E+01
  0.1000000E+01
  0.1000000E+01  0.1000000E+01  0.1000000E+01  0.1000000E+01  0.1000000E+01
  0.1000000E+01
  0.1000000E+01  0.1000000E+01  0.1000000E+01  0.1000000E+01  0.1000000E+01
  0.1000000E+01
  0.1000000E+01  0.1000000E+01  0.1000000E+01  0.1000000E+01  0.1000000E+01
  0.1000000E+01
  0.1000000E+01  0.1000000E+01  0.1000000E+01  0.1000000E+01  0.1000000E+01
  0.1000000E+01
  0.1000000E+01  0.1000000E+01  0.1000000E+01  0.1000000E+01  0.1000000E+01
  0.1000000E+01
  0.1000000E+01  0.1000000E+01  0.1000000E+01  0.1000000E+01  0.1000000E+01
  0.1000000E+01
  0.1000000E+01  0.1000000E+01  0.1000000E+01  0.1000000E+01  0.1000000E+01
  0.1000000E+01
  0.1000000E+01  0.1000000E+01  0.1000000E+01  0.1000000E+01  0.1000000E+01
  0.1000000E+01
  0.1000000E+01  0.1000000E+01  0.1000000E+01  0.1000000E+01  0.1000000E+01
  0.1000000E+01
  0.1000000E+01  0.1000000E+01  0.1000000E+01  0.1000000E+01  0.1000000E+01
  0.1000000E+01
  0.1000000E+01  0.1000000E+01  0.1000000E+01  0.1000000E+01  0.1000000E+01
  0.1000000E+01
  0.1000000E+01  0.1000000E+01  0.1000000E+01  0.1000000E+01  0.1000000E+01
  0.1000000E+01
  0.1000000E+01  0.1000000E+01  0.1000000E+01  0.1000000E+01  0.1000000E+01
  0.1000000E+01
  0.1000000E+01  0.1000000E+01  0.1000000E+01  0.1000000E+01  0.1000000E+01
  0.1000000E+01
  0.1000000E+01  0.1000000E+01  0.1000000E+01  0.1000000E+01  0.1000000E+01
  0.1000000E+01
  0.1000000E+01  0.1000000E+01  0.1000000E+01  0.1000000E+01  0.1000000E+01
  0.1000000E+01
  0.1000000E+01  0.1000000E+01  0.1000000E+01  0.1000000E+01  0.1000000E+01
  0.1000000E+01
  0.1000000E+01  0.1000000E+01  0.1000000E+01  0.1000000E+01  0.1000000E+01
  0.1000000E+01
  0.1000000E+01  0.1000000E+01  0.1000000E+01  0.1000000E+01  0.1000000E+01
  0.1000000E+01
  0.1000000E+01  0.1000000E+01  0.1000000E+01  0.1000000E+01  0.1000000E+01
  0.1000000E+01
  0.1000000E+01  0.1000000E+01  0.1000000E+01  0.1000000E+01  0.1000000E+01
  0.1000000E+01
